A = [1:10]
B = [11:21]